spiral:
  a_m: -10.0
  b_m_per_rad: 1.1047552447552436
  lookahead_rad: 0.4566200466200465
  heading_gain: 1.2
  radial_gain: 0.8
  thruster_forward: 0.9
